bass_enable=true
bass_maxgain=3
compander_enable=false
compander_granularity=2
compander_response=95.0;200.0;400.0;800.0;1600.0;3400.0;7500.0;0;0;0;0;0;0;0
compander_time_freq_transforms=0
compander_timeconstant=0.22000
convolver_enable=false
convolver_file=/var/home/zany130/.var/app/me.timschneeberger.jdsp4linux/config/jamesdsp/irs/CorredHRTF_Surround1.wav
convolver_optimization_mode=0
convolver_waveform_edit=-80;-100;0;0;0;0
crossfeed_bs2b_fcut=700
crossfeed_bs2b_feed=60
crossfeed_enable=false
crossfeed_mode=2
ddc_enable=false
ddc_file=
graphiceq_enable=false
graphiceq_param=GraphicEQ: 20 -6.3; 21 -6.5; 22 -6.8; 23 -7.1; 24 -7.3; 26 -7.8; 27 -8; 29 -8.3; 30 -8.4; 32 -8.7; 34 -8.9; 36 -9; 38 -9; 40 -9; 43 -8.9; 45 -8.8; 48 -8.6; 50 -8.5; 53 -8.4; 56 -8.4; 59 -8.4; 63 -8.4; 66 -8.4; 70 -8.5; 74 -8.5; 78 -8.4; 83 -8.4; 87 -8.3; 92 -8.2; 97 -8; 103 -7.9; 109 -7.7; 115 -7.6; 121 -7.5; 128 -7.4; 136 -7.5; 143 -7.6; 151 -7.8; 160 -7.9; 169 -7.9; 178 -7.8; 188 -7.6; 199 -7.3; 210 -6.9; 222 -6.4; 235 -5.9; 248 -5.6; 262 -5.4; 277 -5.4; 292 -5.3; 309 -5.3; 326 -5.3; 345 -5.3; 364 -5.1; 385 -4.8; 406 -4.6; 429 -4.5; 453 -4.6; 479 -4.8; 506 -5.1; 534 -5.5; 565 -6; 596 -6.5; 630 -6.9; 665 -7.2; 703 -7.1; 743 -7.1; 784 -6.9; 829 -6.6; 875 -6.5; 924 -6.4; 977 -6.4; 1032 -6.7; 1090 -6.9; 1151 -6.9; 1216 -6.8; 1284 -6.7; 1357 -6.4; 1433 -6.2; 1514 -6; 1599 -6; 1689 -6; 1784 -6; 1885 -5.9; 1991 -5.8; 2103 -5.8; 2221 -6; 2347 -6.4; 2479 -6.8; 2618 -7; 2766 -6.9; 2921 -6; 3086 -4.6; 3260 -3; 3443 -1.6; 3637 -0.6; 3842 -0.3; 4058 -0.3; 4287 -0.3; 4528 -0.9; 4783 -2.4; 5052 -3.8; 5337 -5.2; 5637 -6.6; 5955 -8.5; 6290 -9.3; 6644 -9.1; 7018 -10.5; 7414 -11.6; 7831 -12.2; 8272 -12.7; 8738 -13.3; 9230 -13.5; 9749 -13.1; 10298 -12.5; 10878 -12.2; 11490 -11.7; 12137 -11.1; 12821 -10.3; 13543 -9.3; 14305 -8.2; 15110 -6.9; 15961 -5.5; 16860 -4.1; 17809 -2.7; 18812 -1.2; 19871 -0.2
liveprog_enable=false
liveprog_file=/var/home/zany130/.var/app/me.timschneeberger.jdsp4linux/config/jamesdsp/liveprog/depthsurround.eel
master_enable=true
master_limrelease=60
master_limthreshold=0
master_postgain=0
reverb_bassboost=0.15000
reverb_decay=3.20000
reverb_delay=20.00000
reverb_enable=false
reverb_finaldry=-7.00000
reverb_finalwet=-9.00000
reverb_lfo_spin=0.70000
reverb_lfo_wander=0.25000
reverb_lpf_bass=500
reverb_lpf_damp=7000
reverb_lpf_input=17000
reverb_lpf_output=10000
reverb_osf=1
reverb_reflection_amount=0.40000
reverb_reflection_factor=1.60000
reverb_reflection_width=0.70000
reverb_wet=0.00000
reverb_width=1.00000
stereowide_enable=false
stereowide_level=60
tone_enable=false
tone_eq=25.0;40.0;63.0;100.0;160.0;250.0;400.0;630.0;1000.0;1600.0;2500.0;4000.0;6300.0;10000.0;16000.0;12;10;0.5;-1;-3;-5;-5;-4.8;-4.5;-2.5;-1;0;-2.5;-2.5;0
tone_filtertype=0
tone_interpolation=0
tube_enable=false
tube_pregain=200
